1970206
1970205
1970204
1970203
1970202
1970201
1980124
1980123
1960206
1980122
1960205
1980121
1960204
1960203
1960202
1960201
2000145
2000144
2000143
2000142
2010145
2010144
2010143
2010142
2600214
2600213
2600212
2600211
2600210
2600209
2000141
1990207
2000140
1990206
2000139
1990205
1970145
2000138
1990204
1970144
1990203
1970143
1990202
1970142
1990201
1970141
1970140
1980120
1960145
1980119
1960144
1980118
1960143
1980117
1960142
1960141
1960140
2010141
2010140
2010139
2010138
2000137
2000136
2000135
2000134
2010137
2010136
2010135
2010134
2600208
2600207
2550107
2550106
2550105
2550104
2550103
2550102
2550101
2600206
2600205
2600204
2600203
2600202
2600201
2260115
2260114
2260113
2260112
2260111
2260110
2260109
2260108
2260107
2260106
2260105
2260104
2260103
2260102
2260101
2000133
2000132
1990128
2000131
1990127
1970139
2000130
1990126
1970138
1990125
1970137
1990124
1970136
1990123
1970135
1970134
1980116
1960139
1980115
1960138
1980114
1960137
1980113
1960136
1960135
1960134
2010133
2010132
2010131
2010130
2000129
2000128
2000127
2000126
2010129
2010128
2010127
2010126
2600124
2600123
2600122
2600121
2600118
2540105
2540104
2540103
2540102
2540101
2600120
2600119
2600117
2600116
2600115
2600114
2600113
1960133
1960132
1960131
1960130
1970133
1960129
1970132
1970131
1970130
1970129
2000125
2000124
1990121
1970128
2000123
1990120
1970127
1990119
1970126
1990118
1970125
1990117
1970124
1970123
1980112
1960128
1980111
1960127
1980110
1960126
1980109
1960125
1960124
1960123
2010125
2010124
2010123
2000122
2000121
2000120
2000119
2010122
2010121
2010120
2010119
2600112
2600111
2600109
2600110
2530105
2530104
2530103
2530102
2530101
2600108
2600107
2600106
2600105
2600102
2600103
2600104
2600101
2590115
2590114
2590113
2590108
2590107
2590112
2590111
2590106
2590105
2590104
2590103
2590110
2590109
2590102
2590101
2000118
1990109
2000117
1990114
1970122
2000116
1990115
1970121
1990116
1970120
1990113
1970119
1990112
1970118
1970117
1980108
1960122
1980107
1960121
1980106
1960120
1980105
1960119
1960118
1960117
2010118
2010117
2010116
2000115
2000114
2000113
2000112
2010115
2010114
2010113
2010112
2520106
2520105
2520104
2520103
2520102
2520101
2250115
2250114
2250113
2250112
2250111
2250110
2250109
2250108
2250107
2250106
2250105
2250104
2250103
2250102
2250101
2000111
1990111
2000110
1970116
1990110
2000109
1970115
1990106
1990122
1970114
1970113
1990108
1970112
1970111
1990107
1980104
1960116
1980103
1960115
1980102
1960114
1980101
1960113
1960112
1960111
2010111
2010110
2010109
2000108
2000107
2000106
2000105
2010108
2010107
2010106
2010105
1990103
1990105
1970110
1990104
1970109
1990102
1970108
1990101
1970107
1970106
1960110
1960109
1960108
1960107
1960106
2000104
2000103
2000102
2000101
2010104
2010103
2010102
2010101
2240115
2240114
2240113
2240112
2240111
2240110
2240109
2240108
2240107
2240106
2240105
2240104
2240103
2240102
2240101
1970105
1970104
1970103
1970102
1970101
1960105
1960104
1960103
1960102
1960101
2230115
2230114
2230113
2230112
2230111
2230110
2230109
2230108
2230107
2230106
2230105
2230104
2230103
2230102
2230101
2380114
2380113
2380112
2380111
2380110
2380109
2380108
2380107
2380106
2380105
2380104
2380103
2380102
2380101
2430114
2430113
2430112
2430111
2430110
2430109
2430108
2430107
2430106
2430105
2430104
2430103
2430102
2430101
2430100
2420114
2420113
2420112
2420111
2420110
2420109
2420108
2420107
2420106
2420105
2420104
2420103
2420102
2420101
2370114
2370113
2370112
2370111
2370110
2370109
2370108
2370107
2370106
2370105
2370104
2370103
2370102
2370101
2410114
2410113
2410112
2410111
2410110
2410109
2410108
2410107
2410106
2410105
2410104
2410103
2410102
2410101
2360115
2360114
2360113
2360112
2360111
2360110
2360109
2360108
2360107
2360106
2360105
2360104
2360103
2360102
2360101
2400114
2350114
2400113
2350113
2350112
2400112
2400111
2350111
2400110
2350110
2400109
2350109
2350108
2400108
2350107
2400107
2400106
2350106
2400105
2350105
2400104
2350104
2350103
2400103
2400102
2350102
2400101
2350101
2390115
2340114
2390114
2340113
2390113
2340112
2390112
2390111
2340111
2390110
2340110
2340109
2390109
2340108
2390108
2340107
2390107
2390106
2340106
2340105
2390105
2340104
2390104
2340103
2390103
2390102
2340102
2390101
2340101
2220115
2220114
2220113
2220112
2220111
2220110
2220109
2220108
2220107
2220106
2220105
2220104
2220103
2220102
2220101
2330114
2330113
2330112
2330111
2330110
2330109
2330108
2330107
2330106
2330105
2330104
2330103
2330102
2330101
2320114
2320113
2320112
2320111
2320110
2320109
2320108
2320107
2320106
2320105
2320104
2320103
2320102
2320101
2310115
2310114
2310113
2310112
2310111
2310110
2310109
2310108
2310107
2310106
2310105
2310104
2310103
2310102
2310101
2300115
2300114
2300113
2300112
2300111
2300110
2300109
2300108
2300107
2300106
2300105
2300104
2300103
2300102
2300101
1950121
1950120
1950119
1950118
1950117
1950116
1950115
1950114
1950113
1950112
1950111
1950110
1950109
1950108
1950107
1950106
1950105
1950104
1950103
1950102
1950101
2060211
2060209
2060210
2060205
2060208
2060207
2060206
2060201
2060203
2060204
2060202
2060145
2060155
2060144
2060154
2060143
2060130
2060115
2060114
2060128
2060113
2210115
2210114
2210113
2210112
2210111
2210110
2210109
2210108
2210107
2210106
2210105
2210104
2210103
2210102
2210101
1940105
1940104
1940103
1940102
1940101
1930105
1930104
1930103
1930102
1930101
2060142
2060153
2060141
2060152
2060140
2060127
2060112
2060126
2060111
2060125
2060110
1880203
1880202
1880201
1870203
1870202
1870201
2060139
2060151
2060138
2060150
2060137
2060124
2060109
2060123
2060108
2060122
2060107
1840206
1840205
1840204
1860206
1840203
1860205
1840202
1860204
1840201
1860203
1860202
1860201
1830206
1830205
1830204
1850206
1850205
1850204
1850203
1850202
1850201
1830203
1830202
1830201
2060136
2060149
2060135
2060148
2060134
2060121
2060106
2060120
2060105
2060119
2060104
1830128
1830127
1830126
1830125
2810106
2810105
2810104
2810103
2810102
2810101
1870145
1870144
1870143
1870142
1880145
1880144
1880143
1880142
2060133
2060147
2060132
2060146
2060131
2060118
2060103
2060117
2060102
2060116
2060101
1870141
1870140
1870139
1870138
1860128
1860127
1860126
1860125
1860124
1860123
1830124
1830123
1830122
1830121
1840128
1850128
1840127
1850127
1840126
1850126
1840125
1850125
1840124
1850124
1840123
1880141
1850123
1880140
1880139
1880138
1870136
1870135
1870134
1870133
1870137
1880137
1880136
1880135
1880134
1880133
1870132
1840122
1870131
1840121
1870130
1840120
1870129
1840119
1860122
1840118
1860121
1840117
1860120
1860119
1860118
1860117
1830120
1830119
1830118
1830117
1850122
1850121
1850120
1850119
1850118
1850117
1880132
1880131
1880130
1880129
1870127
1870125
1870124
1870128
1880128
1880127
1880126
1880125
1880124
1870126
1870123
1870122
1840116
1870121
1840115
1870120
1840114
1860116
1840113
1860115
1840112
1860114
1860113
1860112
1860111
1830116
1830115
1830114
1830113
1850116
1850115
1850114
1850113
1850112
1850111
1880123
1880122
1880121
1880120
1870118
1870117
1870116
1870115
1870119
1880119
1880118
1880117
1880116
1880115
1870114
1840111
1870113
1840110
1870112
1840109
1870111
1840108
1840107
1860110
1840106
1860109
1860108
1860107
1860106
1830112
1830111
1830110
1830109
1850110
1850109
1850108
1850107
1850106
1880114
1880113
1880112
1880111
1870109
1870108
1870107
1870106
1870110
1880110
1880109
1880108
1880107
1880106
1870105
1880105
1880104
1870104
1840105
1870103
1840104
1870102
1840103
1870101
1840102
1860105
1840101
1860104
1860103
1860102
1860101
1830108
1830107
1830106
1830105
1850105
1850104
1850103
1850102
1850101
1880103
1880102
1880101
2080103
2080102
2080101
2080107
2080106
2080105
2080104
1830104
1830103
1830102
1830101
1920307
1920306
1920305
1920304
1920303
1920302
1920301
1920220
1920219
1920218
1920217
1920216
1920215
1920214
1920213
1920212
1920211
1920210
1920209
1920208
1920207
1920206
1920205
1920204
1920203
1920202
1920201
1920140
1920139
1920138
1920137
1920136
1920135
1920134
1920133
1920132
1920131
1920130
1920129
1920128
1920127
1920126
1920125
1920124
1920123
1920122
1920121
1920120
1920119
1920118
1920117
1920116
1920115
1920114
1920113
1920112
1920111
1920110
1920109
1920108
1920107
1920106
1920105
1920104
1920103
1920102
1920101
2510115
2510114
2510113
2510112
2510111
2510110
2510109
2510108
2510107
2510106
2510105
2510104
2510103
2510102
2510101
2670203
2670202
2670201
2670110
2670105
2670108
2670103
2670104
2670102
2670101
2670109
2670107
2670106
1230208
1230207
1230206
1230205
1230204
1230203
1230202
1230201
1230110
1230109
1230108
1230107
1230106
1230105
1230104
1230103
1230102
1230101
2500115
2500114
2500113
2500112
2500111
2500110
2500109
2500108
2500107
2500106
2500105
2500104
2500103
2500102
2500101
1910307
1910306
1910305
1910304
1910303
1910302
1910301
1910220
1910219
1910218
1910217
1910216
1910215
1910214
1910213
1910212
1910211
1910210
1910209
1910208
1910207
1910206
1910205
1910204
1910203
1910202
1910201
1910140
1910139
1910138
1910137
1910136
1910135
1910134
1910133
1910132
1910131
1910130
1910129
1910128
1910127
1910126
1910125
1910124
1910123
1910122
1910121
1910120
1910119
1910118
1910117
1910116
1910115
1910114
1910113
1910112
1910111
1910110
1910109
1910108
1910107
1910106
1910105
1910104
1910103
1910102
1910101
2660202
2660201
2490115
2490114
2490113
2490112
2490111
2490110
2490109
2490108
2490107
2490106
2490105
2490104
2490103
2490102
2490101
1780119
1780118
1780117
1780116
1780115
1780114
1780113
1780112
1780111
1780110
1780109
1780108
1780107
1780106
1780105
1780104
1780103
1780102
1780101
2050203
2050202
2050201
2660130
2660129
2660128
2050128
2050127
2050126
2050125
2660127
2660126
2660125
1900307
1900306
1900305
1900304
1900303
1900302
1900301
1900220
1900219
1900218
1900217
1900216
1900215
1900214
1900213
1900212
1900211
1900210
1900209
1900208
1900207
1900206
1900205
1900204
1900203
1900202
1900201
1900140
1900139
1900138
1900137
1900136
1900135
1900134
1900133
1900132
1900131
1900130
1900129
1900128
1900127
1900126
1900125
1900124
1900123
1900122
1900121
1900120
1900119
1900118
1900117
1900116
1900115
1900114
1900113
1900112
1900111
1900110
1900109
1900108
1900107
1900106
1900105
1900104
1900103
1900102
1900101
2050124
2050123
2050122
2050121
2660124
2660123
2660122
2480115
2480114
2480113
2480112
2480111
2480110
2480109
2480108
2480107
2480106
2480105
2480104
2480103
2480102
2480101
1770105
1770104
1770103
1770102
1770101
1760105
1760104
1760103
1760102
1760101
2050120
2050119
2050118
2050117
2660121
2660120
2660119
1810206
1810205
1810204
1810203
1810202
1810201
2050116
2050115
2050114
2050113
2660118
2660117
2660116
1820210
1820209
1750206
1820208
1750205
1820207
1750204
1750203
1750202
1750201
1810128
1810127
1810126
1810125
1810124
1810123
1820206
1740206
1820205
1740205
1820204
1740204
1740203
1820203
1740202
1820202
1820201
1740201
1720128
1720127
1720126
1720125
1730128
1730127
1730126
1730125
2050112
2050111
2050110
2050109
2660115
2660114
2660113
1820128
1820127
1820126
1750128
1820125
1750127
1820124
1750126
1820123
1750125
1750124
1750123
1810122
1810121
1810120
1810119
1810118
1810117
1740128
1740127
1740126
1740125
1740124
1740123
1720124
1720123
1720122
1720121
1720120
1720119
1730124
1730123
1730122
1730121
1730120
1730119
2050108
2050107
2050106
2050105
2470115
2470114
2470113
2470112
2470111
2470110
2470109
2470108
2470107
2470106
2470105
2470104
2470103
2470102
2470101
1820122
1820121
1750122
1820120
1750121
1820119
1750120
1820118
1750119
1750118
1750117
1810116
1810115
1810114
1810113
1810112
1810111
1740122
1740121
1740120
1740119
1740118
1740117
1720118
1720117
1720116
1720115
1720114
1720113
1730118
1730117
1730116
1730115
1730114
1730113
2050104
2050103
2050102
2050101
2660112
2660111
2660110
1820117
1820116
1820115
1750116
1820114
1750115
1820113
1750114
1820112
1750113
1750112
1750111
1810110
1810109
1810108
1810107
1740116
1740115
1740114
1740113
1740112
1740111
1720112
1720111
1720110
1720109
1720108
1720107
1730112
1730111
1730110
1730109
1730108
1730107
2660109
2660108
2660107
1820111
1820110
1820109
1750110
1820108
1750109
1820107
1750108
1750107
1750106
1810106
1810105
1810104
1810103
1810102
1810101
1740110
1740109
1740108
1740107
1740106
1720106
1720105
1260204
1260203
1260202
1260201
1720104
1720103
1720102
1720101
1730106
1730105
1730104
1730103
1730102
1730101
2660106
2660105
2660104
1820106
1820105
1820104
1820103
1750105
1820102
1750104
1820101
1750103
1750102
1750101
2800103
2800102
2800101
1740105
1740104
1740103
1740102
1740101
1260128
1260127
1260126
1260125
1260122
1260121
1260120
2660103
2660102
2660101
2460115
2460114
2460113
2460112
2460111
2460110
2460109
2460108
2460107
2460106
2460105
2460104
2460103
2460102
2460101
1260119
1260117
2200108
2200107
2200106
2200105
2200104
2200103
2200102
2200101
1260116
1260114
1260113
1260112
1260111
1260110
2190108
2190107
2190106
2190105
2190104
2190103
2190102
2190101
1260107
1260106
1260105
2180108
2180107
2180106
2180105
2180104
2180103
2180102
2180101
2450115
2450114
2450113
2450112
2450111
2450110
2450109
2450108
2450107
2450106
2450105
2450104
2450103
2450102
2450101
2110122
2110121
2110120
2110119
2110118
2110117
2110116
2110115
2110114
2110113
2110112
2110111
2110110
2110109
1260103
1260102
1260101
2110108
2110107
2110106
2110105
2110104
2110103
2110102
2110101
1890307
1890306
1890305
1890304
1890303
1890302
1890301
1890220
1890219
1250118
1890218
1250117
1890217
1250116
1890216
1250115
1890215
1250114
1890214
1250113
1890212
1250112
1890211
1250111
1250110
1890210
1250109
1890209
1250108
2170108
1890207
2170107
1250107
1890206
2170106
1250106
2170105
1250105
1890205
1250104
1890204
2170104
1890203
2170103
1250103
1890202
2170102
1250102
1890201
2170101
1250101
1890135
1890132
1890129
1890125
1890119
1890115
1890114
1890112
1890109
1890105
1890103
1890101
2120122
2120121
2120120
2120119
2120118
2120117
2120116
2120115
2120114
2120113
2120112
2120111
2120110
2120109
1240118
1240117
1240116
1240115
1240114
1240113
1240112
1240111
1240110
1240109
1240108
1240107
1240106
1240105
1240104
1240103
1240102
1240101
2120108
2120107
2120106
2120105
2120104
2120103
2120102
2120101
2440115
2440114
2440113
2440112
2440111
2440110
2440109
2440108
2440107
2440106
2440105
2440104
2440103
2440102
2440101
1710205
1710204
1710203
1710202
1710201
1710120
1710119
1710118
1710117
1710116
1710115
1710114
1710113
1710112
1710111
1710110
1710109
1710108
1710107
1710106
1710105
1710104
1710103
1710102
1710101
2160108
2160107
2160106
2160105
2160104
2160103
2160102
2160101
2100111
2100110
2100109
2100108
2100107
2100106
2100105
2100104
2100103
2100102
2100101
2150108
2150107
2150106
2150105
2150104
2150103
2150102
2150101
1700129
1700128
1700127
1700126
1700125
1700124
1700115
1700123
1700122
1700121
1700120
1700114
1700113
1700119
1700118
1700117
1700116
1700112
1700111
1700110
1700109
1700108
1700107
1700106
1700105
1700104
1700103
1700102
1700101
1690129
1690128
1690127
1690126
1690125
1690124
1690115
1690123
1690122
1690121
1690120
1690114
1690113
1690119
1690118
1690117
1690116
1690112
1690111
1690110
1690109
1690108
1690107
1690106
1690105
1690104
1690103
1690102
1690101
2140114
2140113
2140112
2140111
2140110
2140109
2140108
2140107
2140106
2140105
2140104
2140103
2140102
2140101
2090114
2090113
2090112
2090111
2090110
2090109
2090108
2090107
2090106
2090105
2090104
2090103
2090102
2090101
1550109
1550108
1550105
2130114
2130113
2130112
2130111
2130110
2130109
2130108
2130107
2130106
2130105
2130104
2130103
2130102
2130101
1620115
1620114
1620113
1620112
1620111
1620110
1620109
1620108
1620107
1620106
1620105
1620104
1620103
1620102
1620101
1440203
1670107
1670106
1670105
1670104
1670103
1670102
1670101
1430205
1430204
1430203
1430202
1430201
1440202
1440201
2790107
2790106
2790105
2790104
2790103
2790102
2790101
1660115
1660114
1660113
1660112
1660111
1660110
1660109
1660108
1660107
1660106
1660105
1660104
1660103
1660102
1660101
1600203
1600202
1600201
1440115
1440114
1440113
1600110
1600109
1600108
1600107
1600106
1600105
1430120
1430119
1430118
1430117
1600104
1600103
1600102
1600101
1610115
1650115
1610114
1650114
1610113
1650113
1650112
1610112
1610111
1650111
1610110
1650110
1610109
1650109
1610108
1650108
1650107
1610107
1610106
1650106
1610105
1650105
1610104
1650104
1610103
1650103
1610102
1650102
1610101
1650101
1440112
1440111
1440110
1430116
1430115
1430114
1430113
1680107
1680106
1680105
1680104
1680103
1680102
1680101
1570315
1590215
1570314
1590214
1590213
1570313
1570312
1590212
1570311
1590211
1570310
1590210
1590209
1570309
1570308
1590208
1570307
1590207
1570306
1590206
1570305
1590205
1590204
1570304
1570303
1590203
1570302
1590202
1570301
1590201
1640115
1640114
1640113
1640112
1640111
1640110
1640109
1640108
1640107
1640106
1640105
1640104
1640103
1640102
1640101
1220105
1220104
1220103
1220102
1220101
1440109
1440108
1440107
1210105
1210104
1210103
1210102
1210101
1590111
1590111
1590111
1590110
1590110
1590110
1590110
1590110
1590110
1590110
1590110
1590110
1590184
1590183
1590182
1590181
1590180
1590179
1590178
1590177
1590176
1590175
1590174
1590173
1590156
1590155
1590154
1590153
1590152
1590151
1590150
1590149
1590148
1590147
1590146
1590145
1590128
1590127
1590126
1590125
1590124
1590123
1590122
1590121
1590120
1570220
1590119
1570219
1570218
1590118
1570217
1590117
1570216
1570215
1570214
1570213
1570212
1570211
1590110
1590199
1590198
1590197
1590196
1590195
1590194
1590193
1590192
1590191
1590190
1590189
1590188
1590187
1590186
1590185
1590172
1590171
1590170
1590169
1590168
1590167
1590166
1590165
1590164
1590163
1590162
1590161
1590160
1590159
1590158
1590157
1590144
1590143
1590142
1590141
1590140
1590139
1590138
1590137
1590136
1590135
1590134
1590133
1590132
1590131
1590130
1590129
1590116
1590115
1590114
1590113
1590112
1590111
1590110
1570210
1570209
1590109
1570208
1590108
1570207
1590107
1590106
1570206
1570205
1590105
1570204
1590104
1570203
1590103
1570202
1590102
1590101
1570201
1180119
1180118
1180117
1180116
1180115
1180114
1180113
1440106
1440105
1440104
1180112
1180111
1180110
1180109
1180108
1180107
1430112
1430111
1430110
1430109
1180106
1180105
1180104
1180103
1180102
1180101
1580114
1580113
1580113
1580113
1580113
1580113
1580113
1580113
1580113
1580113
1580113
1580112
1580112
1580112
1580112
1580112
1580112
1580112
1580112
1580112
1580112
1580111
1580111
1580111
1580111
1580111
1580111
1580111
1580111
1580111
1580111
1580110
1580110
1580110
1580110
1580110
1580110
1580110
1580110
1580110
1580110
1580199
1580198
1580197
1580196
1580195
1580194
1580193
1580192
1580191
1580190
1580189
1580188
1580187
1580186
1580185
1580184
1580183
1580182
1580181
1580180
1580179
1580178
1580177
1580176
1580175
1580174
1580173
1580172
1570140
1570139
1570138
1570137
1570136
1570135
1570134
1570133
1570132
1570131
1570130
1570129
1570128
1570127
1570126
1570125
1570124
1570123
1570122
1570121
1580171
1580170
1580169
1580168
1580167
1580166
1580165
1580164
1580163
1580162
1580161
1580160
1580159
1580158
1580157
1580156
1580155
1580154
1580153
1580152
1580151
1580150
1580149
1580148
1580147
1580146
1580145
1580144
1580143
1580142
1580141
1580140
1580139
1580138
1580137
1580136
1580135
1580134
1580133
1580132
1580131
1580130
1580129
1580128
1580127
1580126
1580125
1580124
1580123
1580122
1580121
1570120
1580120
1580119
1570119
1580118
1570118
1570117
1580117
1570116
1580116
1570115
1580115
1580114
1570114
1580113
1570113
1570112
1580112
1570111
1580111
1570110
1580110
1580109
1570109
1570108
1580108
1570107
1580107
1570106
1580106
1580105
1570105
1580104
1570104
1570103
1580103
1570102
1580102
1570101
1580101
1630115
1630114
1630113
1630112
1630111
1630110
1630109
1630108
1630107
1630106
1630105
1630104
1630103
1630102
1630101
1440103
1440102
1440101
1430108
1430107
1430106
1430105
1430104
1430103
1430102
1430101
1420215
1420214
1420213
1420212
1420211
1400311
1400310
1400309
1400308
1400307
1400306
1400305
1420210
1420209
1420208
1420207
1420206
1420205
1400304
1420204
1420203
1400303
1420202
1400302
1420201
1400301
1400220
1400219
1400218
1420118
1400217
1420117
1400216
1420116
1400215
1420115
1420114
1400214
1400213
1420113
1400212
1420112
1400211
1420111
1420110
1400210
1400209
1420109
1400208
1420108
1400207
1420107
1400206
1420106
1420105
1400205
1400204
1420104
1400203
1420103
1400202
1420102
1420101
1400201
0670206
0670205
0670204
0670203
0670202
0670201
1350206
1350205
1350203
1350204
1350202
1350201
0660206
0660205
0660204
0660203
0660202
0660201
0680120
0680119
0680118
0680117
0690120
0690119
0690118
0690117
1410166
1410165
1410164
1410163
1410162
1410161
1410160
1410159
1410158
1410157
1410156
1410155
1410154
1410153
1410152
1410151
1410150
1410149
1400140
1400139
1400138
1400137
1400136
1400135
1400134
1400133
1400132
1400131
1400130
1400129
1400128
1400127
1400126
1400125
1400124
1400123
1400122
1400121
1410148
1410147
1410146
1410145
1410144
1410143
1410142
1410141
1410140
1410139
1410138
1410137
1410136
1410135
1410134
1410133
1410132
1410131
1410130
1410129
1410128
1410127
1410126
1410125
1410124
1410123
1410122
1410121
1400120
1410120
1400119
1410119
1410118
1400118
1410117
1400117
1410116
1400116
1400115
1410115
1400114
1410114
1410113
1400113
1410112
1400112
1400111
1410111
1400110
1410110
1410109
1400109
1410108
1400108
1410107
1400107
1400106
1410106
1400105
1410105
1410104
1400104
1410103
1400103
1400102
1410102
1400101
1410101
0670128
0670127
0670126
0670125
0670124
0670123
1350128
1350127
1350126
1350125
1350124
1350123
1390107
1390106
1390105
1390104
1390103
1390102
1390101
0660128
0660127
0660126
0660125
0660124
0660123
1380107
1380106
1380105
1380104
1380103
1380102
1380101
0680116
0680115
0680114
0680113
0690116
0690115
0690114
0690113
0680125
0690121
1370107
1370106
1370105
1370104
1370103
1370102
1370101
1360107
1360106
1360105
1360104
1360103
1360102
1360101
0670122
0670121
0670120
0670119
0670118
0670117
1350122
1350121
1350120
1350119
1350118
1350117
0660122
0660121
0660120
0660119
0660118
0660117
0680112
0680111
0680110
0680109
0690112
0690111
0690110
0690109
0690123
1460115
1460114
1460113
1460112
1460111
1460110
1460109
1460108
1460107
1460106
1460105
1460104
1460103
1460102
1460101
0680126
0680127
0670116
0670115
0670114
0670113
0670112
0670111
1350116
1350115
1350114
1350113
0660116
0660115
0660114
0660113
0660112
0660111
0680108
0680107
0680106
0680105
0690108
0690107
0690106
0690105
0680128
0690128
0690127
0690126
0690125
0690124
0690122
0680124
0680123
0680122
0680121
0670110
0670109
0670108
0670107
0670106
1350112
1350111
1350110
1350109
1350108
1350107
0660110
0660109
0660108
0660107
0660106
0680104
0680103
0680102
0680101
0690104
0690103
0690102
0690101
0670105
0670104
0670103
0670102
0670101
1350106
1350105
1350104
1350103
1350102
1350101
0660105
0660104
0660103
0660102
0660101
1200106
1200105
1200104
1200103
1200102
1200101
1320131
1320130
1320129
1320128
1320127
1190106
1190105
1190104
1190103
1190102
1190101
1320126
1320125
1320124
1320123
1320122
1320121
1320120
1320119
1320118
1320117
1320116
1320115
1320114
1320113
1320112
1320111
1320110
1320109
1320108
1320107
1320106
1320105
1320104
1320103
1320102
1320101
1330156
1330155
1330154
1330153
1330152
1330151
1330150
1330149
1330148
1330147
1330146
1330145
1330144
1330143
1330142
1330141
1330140
1330139
1330138
1330137
1330136
1330135
1330134
1330133
1330132
1330131
1330130
1330129
1330128
1330127
1330126
1330125
1330124
1330123
1330122
1330121
1330120
1330119
1330118
1330117
1330116
1330115
1330114
1090114
1330113
1090113
1090112
1330112
1090111
1330111
1330110
1330109
1330108
1330107
1330106
1330105
1330104
1330103
1330102
1330101
1090110
1090109
1090108
1090107
1090106
1090105
1090104
1090103
1090102
1090101
1450115
1450114
1450113
1450112
1450111
1450110
1450109
1450108
1450107
1450106
1450105
1450104
1450103
1450102
1450101
1310111
1310110
1310109
1310108
1310107
1310106
1310105
1310104
1310103
1310102
1310101
1290115
1290114
1290113
1290112
1290111
1290110
1290109
1290108
1290107
1290106
1080106
1080105
1290105
1080104
1290104
1080103
1290103
1080102
1290102
1080101
1290101
1280116
1280115
1280114
1280113
1280112
1280111
1280110
1280109
1280108
1280107
1280106
1280105
1280104
1280103
1280102
1280101
1040126
1040125
1040124
1040123
1040122
1040121
1040120
1040119
1040118
1040117
1040116
1040115
1040114
1040113
1040112
1040111
1040110
1040109
1040108
1040107
1040106
1040105
1040104
1040103
1040102
1040101
1270116
1270115
1270114
1270113
1270112
1270111
1270110
1270109
1270108
1270107
1270106
1270105
1270104
1270103
1270102
1270101
1070106
1070105
1070104
1070103
1070102
1070101
1030126
1030125
1030124
1030123
1030122
1030121
1030120
1030119
1030118
1030117
1030116
1030115
1030114
1030113
1030112
1030111
1030110
1030109
1030108
1030107
1030106
1030105
1030104
1030103
1030102
1030101
0720115
0720114
0720113
0720112
0720111
0720110
0720109
0720108
0720107
0720106
0720105
0720104
0720103
0720102
0720101
1060106
1060105
1060104
1060103
1060102
1060101
1130107
1130106
1050107
1130105
1050106
1130104
1050105
1130103
1050104
1050103
1130102
1050102
1130101
1050101
1020126
1020125
1020124
1020123
1020122
1020121
1020120
1020119
1020118
1020117
1020116
1020115
1020114
1020113
1020112
1020111
1020110
1020109
1020108
1020107
1020106
1020105
1020104
1020103
1020102
1020101
0550115
0550114
0550113
0550112
0550111
0550110
0550109
0550108
0550107
0550106
0550105
0550104
0550103
0550102
0550101
0980114
0980113
0980112
0980111
0980110
0980109
1120203
0980108
0980107
0980106
0980105
0980104
0980103
0980102
0980101
1120202
1160110
1160109
1160108
1160107
1160106
1160105
1160104
1160103
1160102
1120201
1160101
1110203
1110202
1110201
0920204
0920203
0920202
0920201
1150115
1150114
1150113
1150112
1150111
1150110
1150109
1150108
1150107
1150106
1150105
1150104
1150103
1150102
1150101
1140126
1140125
1140124
1140123
1140122
1140121
1140120
1140119
1140118
1140117
1140116
1140115
1140114
1140113
1140112
1140111
1140110
1140109
1140108
1140107
1140106
1140105
1140104
1140103
1140102
1140101
1010126
1010125
1010124
1010123
1010122
1010121
1010120
1010119
1010118
1010117
1010116
1010115
1010114
1010113
1010112
1010111
1010110
1010109
1010108
1010107
1010106
1010105
1010104
1010103
1010102
1010101
1120115
1120114
1120113
1110122
1110121
1110120
1110119
0920156
0920155
0920154
0920153
0920152
0920151
0920150
0920149
1170115
1170114
1170113
1170112
1170111
1170110
1170109
1170108
1170107
1170106
1170105
1170104
1170103
1170102
1170101
1000126
1000125
1000124
1000123
1000122
1000121
1000120
1000119
1000118
1000117
1000116
1000115
1000114
1000113
1000112
1000111
1000110
1000109
1000108
1000107
1000106
1000105
1000104
1000103
1000102
1000101
1120112
1120111
1120110
1110118
1110117
1110116
1110115
0920148
0920147
0920146
0920145
0920144
0920143
0920142
0920141
1120109
1120108
1120107
1110114
1110113
1110112
1110111
0920140
0920139
0920138
0920137
0920136
0920135
0920134
0920133
0610119
0610118
0610117
0610115
0610116
0610114
0610113
1120106
1120105
1120104
1110110
1110109
1110108
1110107
0610112
0610111
0610110
0610109
0610108
0610107
0610104
0610106
0610103
0610105
0610102
0610101
1120103
1120102
1120101
1110106
1110105
1110104
1110103
1110102
1110101
0920132
0920131
0920130
0920129
0920128
0920127
0920126
0920125
1100115
1100114
1100113
1100112
1100111
1100110
1100109
1100108
1100107
1100106
1100105
1100104
1100103
1100102
1100101
0910107
0910106
0910105
0910104
0910103
0910102
0910101
0920124
0920123
0920122
0920121
0920120
0920119
0920118
0920117
0900114
0900113
0900112
0900111
0900110
0900109
0900108
0900107
0900106
0900105
0900104
0900103
0900102
0900101
0970131
0970130
0970129
0970128
0970127
0970126
0970125
0970124
0970123
0970122
0970121
0970120
0970119
0970118
0970117
0970116
0970115
0970114
0970113
0970112
0970111
0990211
0970110
0990210
0970109
0990209
0970108
0990208
0970107
0990207
0970106
0990206
0970105
0990205
0970104
0990204
0970103
0990203
0990202
0970102
0970101
0990201
0920116
0920115
0920114
0920113
0920112
0920111
0920110
0920109
0960130
0960129
0960128
0960127
0960126
0960125
0960124
0960123
0960122
0960121
0960120
0960119
0960118
0960117
0960116
0960115
0890115
0960114
0890114
0890113
0960113
0960112
0890112
0960111
0890111
0960110
0890110
0890109
0960109
0890108
0960108
0960107
0890107
0960106
0890106
0960105
0890105
0890104
0960104
0960103
0890103
0960102
0890102
0960101
0890101
0990133
0990132
0990131
0990130
0950130
0990129
0950129
0990128
0950128
0990127
0950127
0990126
0950126
0990125
0950125
0990124
0950124
0990123
0950123
0990122
0950122
0990121
0950121
0990120
0950120
0990119
0950119
0990118
0950118
0990117
0950117
0990116
0950116
0990115
0950115
0990114
0950114
0990113
0950113
0950112
0990112
0990111
0950111
0990110
0950110
0990109
0950109
0990108
0950108
0990107
0950107
0990106
0950106
0990105
0950105
0990104
0950104
0990103
0950103
0990102
0950102
0990101
0950101
0940131
0940130
0940129
0940128
0940127
0940126
0940125
0940124
0940123
0940122
0940121
0940120
0940119
0940118
0940117
0940116
0940115
0940114
0940113
0940112
0940111
0940110
0940109
0940108
0940107
0940106
0940105
0940104
0940103
0940102
0940101
0920108
0920107
0920106
0920105
0920104
0920103
0920102
0920101
0880115
0880114
0880113
0880112
0880111
0880110
0880109
0880108
0880107
0880106
0880105
0880104
0880103
0880102
0880101
0650105
0650104
0650103
0650102
0650101
0640105
0640104
0640103
0640102
0640101
0870115
0870114
0870113
0870112
0870111
0870110
0870109
0870108
0870107
0870106
0870105
0870104
0870103
0870102
0870101
0770209
0770208
0770207
0770206
0770205
0770204
0730205
0930115
0930114
0930113
0930112
0930111
0930110
0930109
0930108
0930107
0930106
0930105
0930104
0930103
0930102
0930101
0580206
0580205
0580204
0580203
0580202
0580201
0770203
0770202
0770201
0570206
0570205
0570204
0570203
0570202
0570201
0730204
0730203
0580128
0580127
0580126
0580125
0580124
0580123
0770128
0770127
0770126
0770125
0770124
0570128
0770123
0570127
0570126
0570125
0570124
0570123
0730202
0730201
0590120
0590119
0590118
0590117
0600120
0600119
0600118
0600117
0590128
0590127
0590126
0590125
0590124
0600128
0600127
0600126
0600125
0600124
0590123
0580122
0580121
0580120
0580119
0580118
0580117
0770122
0770121
0770120
0770119
0770118
0820130
0820129
0820128
0820127
0820126
0820125
0820124
0820123
0570122
0770117
0810107
0810108
0810106
0810105
0570121
0810104
0810103
0810102
0810101
0570120
0570119
0570118
0570117
0730120
0730119
0730118
0730117
0820122
0820121
0820120
0820119
0820118
0820117
0820116
0820115
0820114
0820113
0820112
0820111
0820110
0820109
0820108
0820107
0820106
0820105
0820104
0820103
0820102
0820101
0590116
0590115
0590114
0590113
0600116
0600115
0600114
0600113
0800112
0800109
0800106
0800103
0800111
0800110
0800108
0800107
0800105
0800104
0800102
0800101
0600123
0590122
0590121
0600122
0580116
0580115
0580114
0580113
0580112
0580111
0770116
0770115
0770114
0570116
0770113
0570115
0570114
0570113
0570112
0570111
0730116
0730115
0730114
0730113
0590112
0590111
0590110
0590109
0600112
0600111
0600110
0600109
0600121
0580110
0580109
0580108
0580107
0580106
0770112
0770111
0770110
0770109
0770108
0770107
0570110
0570109
0570108
0570107
0570106
0730112
0730111
0730110
0730109
0590108
0590107
0590106
0590105
0600108
0600107
0600106
0600105
0580105
0580104
0580103
0580102
0580101
0770106
0770105
0770104
0770103
0770102
0770101
0570105
0570104
0570103
0570102
0570101
0730108
0730107
0730106
0730105
0590104
0590103
0590102
0590101
0600104
0600103
0600102
0600101
0630118
0630117
0630116
0630115
0630114
0760114
0630113
0760113
0760112
0630112
0760111
0630111
0630110
0760110
0630109
0760109
0630108
0760108
0760107
0630107
0630106
0760106
0630105
0760105
0630104
0760104
0760103
0630103
0760102
0630102
0630101
0760101
0730104
0730103
0730102
0730101
0620118
0620117
0620116
0620115
0620114
0620113
0620112
0620111
0620110
0620109
0620108
0620107
0620106
0620105
0620104
0620103
0620102
0620101
0710203
0710202
0710201
0710112
0710111
0710110
0710109
0710108
0710107
0710106
0710105
0750205
0750204
0710104
0750203
0710103
0710102
0750202
0710101
0750201
0750128
0750127
0750126
0750125
0750124
0750123
0750122
0750121
0750120
0750119
0750118
0750117
0750116
0750115
0750114
0750113
0750112
0750111
0750110
0750109
0750108
0750107
0750106
0750105
0750104
0750103
0750102
0750101
0540107
0540106
0540105
0740111
0740110
0740109
0740108
0740107
0740106
0740105
0740104
0740103
0740102
0740101
0540104
0540103
0540102
0540101
0500107
0500106
0500105
0500104
0500103
0500102
0500101
0530307
0530306
0530305
0530304
0530303
0530302
0530301
0530220
0530215
0530218
0530219
0530214
0530213
0530217
0530216
0530212
0530211
0530210
0530205
0530208
0530209
0530204
0530203
0530207
0530206
0530202
0530201
0530128
0530125
0530122
0530119
0530127
0530124
0530121
0530118
0530126
0530123
0530120
0530117
0530102
0530111
0530116
0530105
0530115
0530114
0530110
0530109
0530106
0530103
0530113
0530112
0530108
0530107
0530104
0530101
0490107
0490106
0490105
0490104
0490103
0490102
0490101
0560120
0560119
0560118
0560117
0560116
0560115
0560114
0560113
0560112
0560111
0560110
0560109
0560108
0560107
0560106
0560105
0560104
0560103
0560102
0560101
0560207
0560206
0560205
0560204
0560203
0560202
0560201
0480102
0480101
0480107
0480106
0480105
0480104
0480103
0510119
0520118
0520116
0510116
0520115
0510115
0510114
0520114
0520113
0510113
0520112
0510112
0520111
0510111
0510110
0520110
0510109
0520109
0520108
0510108
0510105
0520105
0510104
0520104
0520103
0510103
0520102
0510101
0520121
0510121
0520120
0510120
0520119
0510118
0520117
0510117
0520107
0510107
0520106
0510106
0510102
0520101
0470107
0470106
0470105
0470104
0470103
0470102
0470101
0180203
2780111
2780110
2780109
2780108
2780107
2780106
2780105
2780104
2780103
2780102
2780101
0200203
0200202
0200201
0200112
0200111
0200110
0200109
0200108
0200107
0200106
0200105
0180202
0180201
0200104
0200103
0200102
0200101
0170114
0170113
0170112
0170111
0170110
0170109
0170108
0180128
0180127
0180126
0180125
0170107
0170106
0170105
0170104
0170103
0170102
0170101
0280206
0280205
0280204
0280203
0280202
0280201
0370118
0370117
0370116
0370115
0370114
0370113
0180124
0180123
0180122
0180121
0370112
0370111
0370110
0370109
0370108
0370107
0370106
0370105
0370104
0370103
0370102
0370101
0280124
0280123
0280122
0280121
0180120
0180119
0180118
0180117
0280120
0280119
0280118
0280117
0290206
0290205
0400105
0400104
0290204
0400103
0290203
0400102
0290202
0290201
0400101
0180116
0180115
0180114
0180113
0390105
0390104
0390103
0390102
0390101
0280116
0280115
0280114
0280113
0140115
0140114
0140113
0140112
0140111
0140110
0140109
0140108
0140107
0180112
0180111
0180110
0180109
0140106
0140105
0140104
0140103
0140102
0140101
0280128
0280127
0280126
0280125
0280112
0280111
0280110
0280109
0290128
0290127
0290126
0290125
0290124
0290123
0330206
0330205
0330204
0330203
0330202
0330201
0180108
0180107
0180106
0040206
0180105
0040205
0040204
0040203
0040202
0040201
0110109
0110108
0110107
0110106
0280108
0280107
0280106
0280105
0110105
0110104
0110103
0330128
0330127
0330126
0330125
0330124
0330123
0290122
0290121
0290120
0290119
0290118
0290117
0110102
0110101
0040128
0040127
0040126
0040125
0040124
0040123
0180104
0180103
0180102
0180101
0380128
0380127
0380126
0380125
0130123
0130122
0130121
0130120
0280104
0280103
0280102
0280101
0330122
0330121
0330120
0330119
0330118
0330117
0290116
0290115
0290114
0290113
0700206
0700205
0700204
0700203
0700202
0700201
0040122
0040121
0040120
0040119
0040118
0130118
0040117
0130119
0130116
0380116
0130115
0380115
0380114
0130114
0380113
0130113
0380124
0380123
0380122
0380121
0380120
0380119
0380118
0380117
0130117
0330116
0330115
0330114
0330113
0330112
0290112
0330111
0290111
0290110
0290109
0290108
0290107
0700128
0700127
0700126
0700125
0040116
0040115
0040114
0040113
0040112
0040111
0380112
0130112
0130111
0380111
0130110
0380110
0380109
0130109
0330110
0330109
0330108
0330107
0290106
0330106
0290105
0290104
0290103
0290102
0290101
0700124
0700123
0700122
0700121
0040110
0040109
0040108
0040107
0040106
0380108
0130108
0380107
0130107
0380106
0130105
0380105
0330105
0330104
0330103
0330102
0330101
0700120
0700119
0700118
0700117
0040105
0040104
0040103
0040102
0040101
0130104
0380104
0380103
0130103
0130102
0380102
0380101
0700116
0700115
0700114
0700113
0780203
0780202
0780201
0100120
0100119
0100118
0100117
0100116
0100115
0100114
0100113
0700112
0700111
0700110
0700109
0100112
0100111
0100110
0100109
0100108
0100107
0100106
0100105
0100104
0100103
0100102
0100101
0780128
0780127
0780126
0780125
0700108
0700107
0700106
0700105
0270106
0270105
0270104
0270103
0270102
0270101
0780124
0780123
0780122
0780121
0440107
0440106
0440105
0440104
0440103
0440102
0440101
0700104
0700103
0700102
0700101
0430107
0430106
0430105
0430104
0260203
0430103
0430102
0260202
0260201
0430101
0780120
0780119
0780118
0780117
0160107
0420107
0160106
0420106
0420105
0160105
0420104
0160104
0160103
0420103
0160102
0420102
0420101
0160101
0260115
0260114
0260113
0410107
0410106
0410105
0410104
0410103
0410102
0410101
0080114
0090114
0080113
0090113
0090112
0080112
0090111
0080111
0080110
0090110
0090109
0090108
0080109
0080108
0080107
0090107
0090106
0090105
0090104
0080106
0080105
0080104
0090103
0090102
0090101
0080103
0080102
0080101
0780116
0780115
0780114
0780113
0260112
0260111
0260110
0260109
0780112
0780111
0780110
0780109
0070307
0070306
0070305
0070304
0070303
0070302
0070301
0070220
0070219
0070218
0070217
0070216
0070215
0070214
0070213
0070212
0070211
0070210
0070209
0070208
0070207
0070206
0070205
0070204
0070203
0070202
0070201
0260108
0260107
0260106
0260105
0070138
0070137
0070136
0070135
0070134
0070133
0070132
0070131
0070130
0070129
0070128
0070127
0070126
0070125
0070124
0070123
0070122
0070121
0070120
0070119
0070118
0070117
0070116
0070115
0070114
0070113
0070112
0070111
0070110
0070109
0070108
0070107
0070106
0070105
0070104
0070103
0070102
0070101
0780108
0780107
0780106
0780105
0050113
0050112
0050111
0050110
0050109
0050108
0050107
0260104
0260103
0260102
0260101
0050106
0050105
0050104
0050103
0050102
0050101
0780104
0780103
0780102
0780101
0150107
0150106
0150105
0150104
0150103
0150102
0150101
0120107
0120106
0120105
0120104
0120103
0120102
0120101
0790207
0790206
0790205
0790204
0790203
0790202
0790201
0790118
0790117
0790116
0790115
0790114
0790113
0790112
0790111
0790110
0790109
0790108
0790107
0790106
0790105
0790104
0790103
0790102
0790101
0360119
0360118
0360117
0360116
0360115
0360114
0360113
0360112
0360111
0360110
0360109
0360108
0360107
0360106
0360105
0360104
0360103
0360102
0360101
0250204
0250206
0250205
0250203
0250202
0250201
0320206
0320205
0320204
0320203
0320202
0320201
0030206
0030205
0030204
0030203
0030202
0030201
0240206
0240205
0240204
0240202
0240203
0240201
0230203
0230202
0230201
0320128
0320127
0320126
0320125
0320124
0320123
0030128
0030127
0030126
0030125
0250125
0030124
0250124
0250123
0030123
0250122
0250121
0230126
0230125
0230124
0320122
0320121
0320120
0320119
0320118
0030122
0030121
0030120
0250120
0030119
0250119
0250118
0030118
0250117
0250116
0250115
0250114
0250113
0250112
0250111
0250110
0250109
0250108
0230123
0230122
0230121
0240128
0240127
0240126
0240125
0250107
0250106
0250105
0250104
0250103
0250102
0250101
0230120
0230119
0230118
0230117
0240124
0240123
0240122
0240121
0320117
0320116
0320115
0320114
0320113
0030117
0030116
0030115
0030114
0030113
0230116
0230115
0230114
0230113
0240120
0240119
0240118
0240117
0320112
0320111
0320110
0320109
0320108
0030112
0030111
0030110
0030109
0030108
0230112
0230111
0230110
0230109
0240116
0240115
0240114
0240113
0320107
0320106
0320105
0320104
0320103
0320102
0320101
0030107
0030106
0030105
0030104
0030103
0030102
0030101
0230108
0230107
0230106
0230105
0240112
0240111
0240110
0240109
0230104
0230103
0230102
0230101
0240108
0240107
0240106
0240105
0240104
0240103
0240102
0240101
0850204
0850203
0850202
0850201
0850129
0850128
0850127
0850126
0850125
0850124
0850123
0850122
0850121
0850120
0850119
0850118
0850117
0850116
0850115
0850114
0850113
0850112
0850111
0850110
0850109
0850108
0850107
0850106
0850105
0850104
0850103
0850102
0850101
0350115
0350114
0350113
0350112
0350111
0350110
0350109
0350108
0350107
0350106
0350105
0350104
0350103
0350102
0350101
0310209
0310208
0310207
0310206
0020209
0020208
0020207
0020206
0310205
0310204
0310203
0310202
0310201
0020205
0020204
0020203
0020202
0020201
0310128
0310127
0310126
0310125
0310124
0310123
0310122
0020128
0020127
0020126
0020125
0020124
0020123
0020122
0310121
0310120
0310119
0310118
0310117
0310116
0310115
0020121
0020120
0020119
0020118
0020117
0020116
0020115
0310114
0310113
0310112
0310111
0310110
0310109
0310108
0020114
0020113
0020112
0020111
0020110
0020109
0020108
0310107
0310106
0310105
0310104
0310103
0310102
0310101
0020107
0020106
0020105
0020104
0020103
0020102
0020101
0190205
0190204
0190203
0190202
0190201
0190128
0190127
0190126
0190125
0190124
0190123
0190122
0190121
0190120
0190119
0190118
0190117
0190116
0190115
0190114
0190113
0190112
0190111
0190110
0190109
0340114
0340113
0340112
0340111
0340110
0340109
0340108
0340107
0340106
0340105
0340104
0340103
0340102
0340101
0190108
0190107
0190106
0190105
0190104
0190103
0190102
0190101
0300203
0300202
0300201
0010204
0010203
0010202
0010201
0300128
0010128
0300127
0010127
0300126
0010126
0010125
0300125
0300124
0300123
0300122
0300121
0300120
0300119
0300118
0300117
0010124
0010123
0010122
0010121
0010120
0010119
0010118
0010117
0300116
0300115
0300114
0300113
0300112
0300111
0300110
0300109
0300108
0300107
0300106
0300105
0300104
0300103
0300102
0300101
0010116
0010115
0010114
0010113
0010112
0010111
0010110
0010109
0010108
0010107
0010106
0010105
0010104
0010103
0010102
0010101
0840204
0840203
0840202
0840201
0830204
0830203
0830202
0830201
0840128
0840127
0840126
0840125
0840124
0840123
0840122
0840121
0840120
0840119
0840118
0840117
0830128
0830127
0830126
0830125
0830124
0830123
0830122
0830121
0830120
0830119
0830118
0830117
0840116
0840115
0840114
0840113
0840112
0840111
0840110
0840109
0840108
0840107
0840106
0840105
0840104
0840103
0840102
0840101
0830116
0830115
0830114
0830113
0830112
0830111
0830110
0830109
0830108
0830107
0830106
0830105
0830104
0830103
0830102
0830101
0060107
0060106
0060105
0060104
0060103
0060102
0060101
0460121
0450121
0450120
0460120
0460119
0450119
0460118
0450118
0460117
0450117
0450116
0460116
0450115
0460115
0460114
0450114
0460113
0450113
0460112
0450112
0450111
0460111
0450110
0460110
0460109
0450109
0460108
0450108
0450107
0460107
0450106
0460106
0460105
0450105
0460104
0450104
0460103
0450103
0450102
0460102
0450101
0460101
0860208
0860207
0860206
0860205
0860204
0860203
0860202
0860201
0860120
0860119
0860118
0860117
0860116
0860115
0860114
0860113
0860112
0860110
0860109
0860108
0860107